Days	Dose	Induced	Ratio	Osteoimage RFU	DAPI
7	0	no	0.014022914	2125.643519	151583.5787
7	0	no	0.001348338	211.4212963	156801.3565
7	0	no	0.004294271	655.3101852	152601.0231
7	0	no	0.0102164	1383.532407	135422.6898
7	0.0048	no	0.006375678	923.1990741	144800.1343
7	0.0048	no	0.098221516	16836.64352	171415.0231
7	0.0048	no	0.007369003	1100.643519	149361.2454
7	0.0048	no	0.006956273	1109.865741	159548.912
7	0.024	no	0.003367889	527.6435185	156668.912
7	0.024	no	0.006479746	1033.976852	159570.5787
7	0.024	no	0.006466944	1012.532407	156570.4676
7	0.024	no	0.011583302	1852.75463	159950.4676
7	0.12	no	0.007552394	1369.421296	181322.8009
7	0.12	no	0.005295524	917.1990741	173202.6898
7	0.12	no	0.008810851	1478.310185	167782.912
7	0.12	no	0.00960677	1591.532407	165667.8009
7	0.6	no	0.011940119	2060.310185	172553.5787
7	0.6	no	0.012605395	2048.532407	162512.3565
7	0.6	no	0.014369016	2157.865741	150174.912
7	0.6	no	0.008912554	1343.865741	150783.4676
7	3	no	0.010582285	1250.976852	118214.2454
7	3	no	0.007613144	997.3101852	130998.4676
7	3	no	0.017101181	2498.532407	146102.912
7	3	no	0.011787222	1552.75463	131732.0231
7	15	no	0.033997862	2903.199074	85393.5787
7	15	no	0.010503186	671.8657407	63967.80093
7	15	no	0.020089759	1638.532407	81560.5787
7	15	no	0.029513565	1469.199074	49780.46759
7	15	no	0.014670217	982.1990741	66951.91204
7	15	no	0.021492587	1619.865741	75368.5787
17	0	no	0.033542938	10048.66667	299576.2222
17	0	no	0.069546493	29010.22222	417134.2222
17	0	no	0.044858212	10566.22222	235547.1111
17	0	no	0.028269672	12789.77778	452420.4444
17	0.0048	no	0.082202646	21339.22222	259592.8889
17	0.0048	no	0.13823378	51069.33333	369441.7778
17	0.0048	no	0.045011077	22712.44444	504596.7778
17	0.0048	no	0.077156587	19497.66667	252702.5556
17	0.024	no	0.132663935	19269.33333	145249.2222
17	0.024	no	0.124871448	31232.22222	250115
17	0.024	no	0.162620876	41278.11111	253830.3333
17	0.024	no	0.149701132	60741.66667	405752.8889
17	0.12	no	0.066130391	19550.33333	295633.1111
17	0.12	no	0.143370456	32514.55556	226787
17	0.12	no	0.066403601	22117.77778	333081
17	0.12	no	0.038158727	16035.11111	420221.3333
17	0.6	no	0.034229896	10226.88889	298770.6667
17	0.6	no	0.08570992	25801.66667	301034.7778
17	0.6	no	0.041774884	11727.33333	280726.8889
17	0.6	no	0.033127966	7829.555556	236342.7778
17	3	no	0.034242967	6571.666667	191912.8889
17	3	no	0.02670052	5103.777778	191149
17	3	no	0.051644379	8671.888889	167915.4444
17	3	no	0.032644627	6970.777778	213535.2222
17	15	no	0.015764212	1825	115768.5556
17	15	no	0.015740363	1456.333333	92522.22222
17	15	no	0.027202231	2649.222222	97389.88889
17	15	no	0.013813819	1376.111111	99618.44444
17	15	no	0.01567453	1362.555556	86928
17	15	no	0.012627329	1143.222222	90535.55556
21	0	no	0.065982819	18161.63889	275248
21	0	no	0.028193276	9078.638889	322014.3333
21	0	no	0.180091204	38432.08333	213403.4444
21	0	no	1.289718148	15171.52778	11763.44444
21	0.0048	no	0.047313627	12117.86111	256117.7778
21	0.0048	no	0.176992836	34667.52778	195869.6667
21	0.0048	no	0.070425064	17095.52778	242747.7778
21	0.0048	no	0.16547027	43785.75	264614
21	0.024	no	0.148763854	33799.52778	227202.5556
21	0.024	no	0.124092966	20536.97222	165496.6667
21	0.024	no	0.131287372	21443.75	163334.4444
21	0.024	no	0.081360457	4146.861111	50969
21	0.12	no	0.093397499	25596.86111	274063.6667
21	0.12	no	0.12218693	28058.08333	229632.4444
21	0.12	no	0.066272467	16131.63889	243413.8889
21	0.12	no	0.121230814	32595.63889	268872.5556
21	0.6	no	0.101762439	28089.97222	276034.7778
21	0.6	no	0.437919035	102684.8611	234483.6667
21	0.6	no	0.254027354	50178.30556	197531.1111
21	0.6	no	0.07994384	23302.52778	291486.2222
21	3	no	0.089545391	16476.75	184004.4444
21	3	no	0.057567221	10911.52778	189544.1111
21	3	no	0.108336024	17746.86111	163813.1111
21	3	no	0.071438308	19652.41667	275096.3333
21	15	no	0.088805006	7735.527778	87106.88889
21	15	no	0.090475255	6681.416667	73848
21	15	no	0.101796778	9534.75	93664.55556
21	15	no	0.074612125	8148.638889	109213.3333
21	15	no	0.093770954	7505.083333	80036.33333
21	15	no	0.095021389	9447.638889	99426.44444
7	0	yes	0.00484547	589.7546296	121712.5787
7	0	yes	0.012067329	1252.310185	103776.912
7	0	yes	0.015295501	1672.310185	109333.4676
7	0	yes	0.012350507	1617.421296	130959.912
7	0.0048	yes	0.01184656	1298.976852	109650.1343
7	0.0048	yes	0.007096803	831.1990741	117123.0231
7	0.0048	yes	0.003538643	479.9768519	135638.6898
7	0.0048	yes	0.012132461	1340.199074	110463.912
7	0.024	yes	0.001709822	230.9768519	135088.2454
7	0.024	yes	0.006885076	859.4212963	124823.8009
7	0.024	yes	0.001611113	174.1990741	108123.4676
7	0.024	yes	0.007848111	1069.421296	136264.8009
7	0.12	yes	0.010823286	1389.199074	128352.8009
7	0.12	yes	0.009071305	1025.532407	113052.3565
7	0.12	yes	0.013125634	1811.865741	138040.2454
7	0.12	yes	0.007618666	1048.199074	137583.0231
7	0.6	yes	0.008340053	1121.421296	134462.1343
7	0.6	yes	0.010218483	1131.421296	110723.0231
7	0.6	yes	0.014475807	1586.75463	109614.2454
7	0.6	yes	0.015224496	1904.199074	125074.6898
7	3	yes	0.015342154	1946.643519	126882.0231
7	3	yes	0.022962848	1824.865741	79470.35648
7	3	yes	0.002576644	268.5324074	104217.912
7	3	yes	0.01296512	1336.75463	103103.912
7	15	yes	0.031004277	2157.199074	69577.46759
7	15	yes	0.000803701	57.97685185	72137.35648
7	15	yes	0.003310948	244.087963	73721.46759
7	15	yes	0.009025944	598.4212963	66300.13426
7	15	yes	0.013793879	768.5324074	55715.46759
7	15	yes	0.013109045	881.1990741	67220.68981
17	0	yes	4.614062236	835860.4444	181155
17	0	yes	1.750626927	323684.8889	184896.5556
17	0	yes	4.340419963	770137.1111	177433.7778
17	0	yes	4.098301024	706672.7778	172430.6667
17	0.0048	yes	4.9410952	807063.6667	163337
17	0.0048	yes	1.480235123	257475.2222	173942.1111
17	0.0048	yes	4.753852733	783040.8889	164717.1111
17	0.0048	yes	3.985024295	703389.1111	176508.1111
17	0.024	yes	8.391360268	1413603.889	168459.4444
17	0.024	yes	4.072482663	812163	199427
17	0.024	yes	4.3651952	838701.4444	192133.7778
17	0.024	yes	4.427137121	866796.5556	195791.6667
17	0.12	yes	5.481580239	1084757.222	197891.3333
17	0.12	yes	6.063917978	1005056	165743.6667
17	0.12	yes	6.295996138	1120165.444	177917.1111
17	0.12	yes	5.143372516	889636	172967.4444
17	0.6	yes	3.783154871	665793.2222	175988.8889
17	0.6	yes	4.324953331	874471.4444	202192.1111
17	0.6	yes	4.112721493	819164.5556	199178.2222
17	0.6	yes	2.914285041	508371.4444	174441.2222
17	3	yes	1.36113302	250037.1111	183697.7778
17	3	yes	1.336962991	263570.6667	197141.3333
17	3	yes	2.155926143	355318.6667	164810.2222
17	3	yes	1.298109406	214628.1111	165339
17	15	yes	0.006746984	745.3333333	110469.1111
17	15	yes	0.010064506	1108.111111	110100.8889
17	15	yes	0.005831687	492	84366.66667
17	15	yes	0.0120367	1146.888889	95282.66667
17	15	yes	0.025355747	2028.555556	80003.77778
17	15	yes	0.004476436	505.6666667	112961.8889
21	0	yes	5.093747903	834836.4167	163894.3333
21	0	yes	6.814530223	1068429.75	156787
21	0	yes	3.817747001	753294.0833	197313.7778
21	0	yes	3.798340223	725303.1944	190952.6667
21	0.0048	yes	5.420273521	1094517.639	201930.3333
21	0.0048	yes	15.06750828	1296086.972	86018.66667
21	0.0048	yes	5.057769595	955467.75	188910.8889
21	0.0048	yes	4.097737919	785613.3056	191718.7778
21	0.024	yes	14.06923019	1389142.639	98736.22222
21	0.024	yes	7.66051298	954523.75	124603.1111
21	0.024	yes	3.547435096	690803.8611	194733.3333
21	0.024	yes	2.632850381	572020.9722	217263
21	0.12	yes	6.709493993	1077924.194	160656.5556
21	0.12	yes	6.392380512	1190812.417	186286.2222
21	0.12	yes	6.504127701	1082742.861	166470.1111
21	0.12	yes	6.762066828	1061150.861	156927
21	0.6	yes	4.166098717	853004.0833	204748.8889
21	0.6	yes	4.390756403	869008.75	197917.7778
21	0.6	yes	4.460041346	824501.0833	184864
21	0.6	yes	4.191796585	836911.75	199654.6667
21	3	yes	4.027792687	826281.0833	205144.8889
21	3	yes	4.26136198	805460.8611	189014.8889
21	3	yes	4.517152468	737600.3056	163288.7778
21	3	yes	4.599744178	714116.4167	155251.3333
21	15	yes	0.07475947	8510.194444	113834.3333
21	15	yes	0.100182982	10849.63889	108298.2222
21	15	yes	0.101281189	8679.527778	85697.33333
21	15	yes	0.489865046	37661.75	76881.88889
21	15	yes	0.121679546	8669.194444	71246.11111
21	15	yes	0.075245908	6177.638889	82099.33333
