Days	Dose	Induced	Ratio	Osteoimage RFUs	DAPI
14	0	no	0.062211816	9832	158036
14	0	no	0.018755364	3034	161744
14	0	no	0.021339017	4731	221692
14	0	no	0.013795655	3347	242582
14	0	no	0.005897774	1203	203979
14	0	no	0.01676587	2666	158988
14	0	no	0.017295443	3284	189878
14	0	no	0.017111046	2675	156339
14	0	no	0.015547248	3307	212686
14	0	no	0.007680253	1404	182780
14	0.0048	no	0.02298889	2893	125839
14	0.0048	no	0.016178275	2345	144969
14	0.0048	no	0.025052475	3647	145584
14	0.0048	no	0.015637039	2568	164220
14	0.0048	no	0.016018228	2642	164918
14	0.024	no	0.023505419	3620	153998
14	0.024	no	0.015699977	2538	161665
14	0.024	no	0.020024939	3760	187756
14	0.024	no	0.014797043	2253	152239
14	0.024	no	0.011967484	1802	150586
14	0.12	no	0.025101834	2975	118500
14	0.12	no	0.005819961	1108	190440
14	0.12	no	0.024325692	3595	147801
14	0.12	no	0.019077887	3187	167053
14	0.12	no	0.017600719	2597	147571
14	0.6	no	0.040154576	5159	128479
14	0.6	no	0.017500427	2416	138036
14	0.6	no	0.024806775	3024	121890
14	0.6	no	0.025343143	3024	119332
14	0.6	no	0.010537801	1369	129894
14	3	no	0.029081747	2657	91349
14	3	no	0.02536223	2403	94739
14	3	no	0.029487811	3096	104989
14	3	no	0.021749039	2489	114427
14	3	no	0.021160344	2827	133595
14	15	no	0.027095309	3335	123085
14	15	no	0.041500842	3804	91651
14	15	no	0.031799858	2710	85235
14	15	no	0.035383179	3136	88640
14	15	no	0.021434628	1844	86025
21	0	no	0.005619918	1581	281255
21	0	no	0.009759606	1934	198126
21	0	no	0.009630066	2202	228667
21	0	no	0.006981977	1170	167585
21	0	no	0.008372663	1688	201578
21	0	no	0.029360341	5911	201317
21	0	no	0.011432518	2576	225358
21	0	no	0.009345313	1843	197221
21	0	no	0.00797706	1648	206616
21	0	no	0.015251641	3099	203182
21	0.0048	no	0.014951911	3289	219955
21	0.0048	no	0.004607582	870	188860
21	0.0048	no	0.008442876	1700	201362
21	0.0048	no	0.004654402	944	202883
21	0.0048	no	0.004722632	976	206586
21	0.024	no	0.011522452	3397	294822
21	0.024	no	0.025961761	5133	197708
21	0.024	no	0.012818408	2729	212868
21	0.024	no	0.005097207	1011	198381
21	0.024	no	0.00489243	1065	217722
21	0.12	no	0.019488969	3485	178823
21	0.12	no	0.004682846	1002	213918
21	0.12	no	0.01217628	2350	193004
21	0.12	no	0.03846147	7977	207393
21	0.12	no	0.008158646	1547	189665
21	0.6	no	0.01454409	2768	190285
21	0.6	no	0.009755557	1657	169848
21	0.6	no	0.011161185	2032	182066
21	0.6	no	0.006971582	1314	188506
21	0.6	no	0.006434332	1369	212708
21	3	no	0.018469174	2296	124307
21	3	no	0.01204773	1433	118959
21	3	no	0.010256502	1181	115154
21	3	no	0.019575482	2220	113383
21	3	no	0.009405668	1097	116675
21	15	no	0.029741319	2096	70477
21	15	no	0.026438508	1774	67094
21	15	no	0.028510467	1945	68227
21	15	no	0.005477818	949	173157
21	15	no	0.023125372	1413	61105
28	0	no	0.052780178	9243	175120
28	0	no	0.083127412	16371	196944
28	0	no	0.272873437	48219	176707
28	0	no	0.052957479	11181	211127
28	0	no	0.044923791	8976	199802
28	0	no	0.096324249	18371	190722
28	0	no	0.098034916	19266	196521
28	0	no	0.108698017	25107	230979
28	0	no	0.071583505	13305	185868
28	0	no	0.044148061	8618	195196
28	0.0048	no	0.025220141	4087	162034
28	0.0048	no	0.019682955	3067	155813
28	0.0048	no	0.009017694	1474	163440
28	0.0048	no	0.033394305	5910	176975
28	0.0048	no	0.024246031	4258	175610
28	0.024	no	0.01197961	1708	142591
28	0.024	no	0.010574695	1843	174260
28	0.024	no	0.043361503	7726	178178
28	0.024	no	0.023506759	3776	160647
28	0.024	no	0.013871337	2310	166496
28	0.12	no	0.008445643	1409	166827
28	0.12	no	0.011388471	1908	167535
28	0.12	no	0.004898291	777	158642
28	0.12	no	0.006968267	1052	150965
28	0.12	no	0.01009379	1670	165412
28	0.6	no	0.008854052	1059	119565
28	0.6	no	0.006090157	966	158629
28	0.6	no	0.006403486	920	143701
28	0.6	no	0.006580598	989	150268
28	0.6	no	0.019144915	3114	162629
28	3	no	0.032745461	3396	103705
28	3	no	0.003744461	370	98892
28	3	no	0.010253507	1089	106237
28	3	no	0.011909231	1521	127732
28	3	no	0.024071633	1839	76382
28	15	no	0.023639832	1857	78548
28	15	no	0.021563052	1987	92152
28	15	no	0.010157421	1096	107931
28	15	no	0.023918691	2109	88154
28	15	no	0.015727116	1286	81739
14	0	yes	0.035884203	6039	168289
14	0	yes	0.027861487	4506	161733
14	0	yes	0.046301262	8450	182510
14	0	yes	0.026992707	4254	157615
14	0	yes	0.484780602	83167	171557
14	0	yes	0.082209179	12509	152155
14	0	yes	0.059114288	9771	165287
14	0	yes	0.026082387	4611	176791
14	0	yes	0.041064082	6561	159781
14	0	yes	0.028507455	4985	174859
14	0.0048	yes	0.015651076	2599	166032
14	0.0048	yes	0.022945137	3848	167686
14	0.0048	yes	0.012879179	2045	158785
14	0.0048	yes	0.025483731	3897	152904
14	0.0048	yes	0.030275419	5390	178044
14	0.024	yes	0.031449648	4233	134607
14	0.024	yes	0.011229109	1809	161131
14	0.024	yes	0.024116751	4065	168547
14	0.024	yes	0.098704026	16104	163158
14	0.024	yes	0.013669912	2948	215690
14	0.12	yes	0.013563269	1956	144206
14	0.12	yes	0.021926518	3440	156904
14	0.12	yes	0.018170928	3128	172138
14	0.12	yes	1.047996948	143259	136698
14	0.12	yes	0.020375676	3228	158447
14	0.6	yes	0.013602508	1987	146053
14	0.6	yes	0.018383716	2357	128218
14	0.6	yes	0.022072419	3650	165366
14	0.6	yes	0.017794053	2279	128084
14	0.6	yes	0.026568173	3776	142117
14	3	yes	0.020144858	2309	114643
14	3	yes	0.032320859	3156	97636
14	3	yes	0.03567051	3735	104700
14	3	yes	0.027920834	2532	90690
14	3	yes	0.023405529	2127	90867
14	15	yes	0.039958935	3553	88917
14	15	yes	0.035944167	2556	71120
14	15	yes	0.030076174	2701	89795
14	15	yes	0.021089886	1494	70835
14	15	yes	0.037326826	2727	73046
21	0	yes	0.981305847	181406	184862
21	0	yes	0.974783846	154682	158684
21	0	yes	0.778555444	147151	189006
21	0	yes	1.069823678	197143	184276
21	0	yes	0.891773754	151601	169999
21	0	yes	0.158331015	31593	199540
21	0	yes	0.668270076	129906	194392
21	0	yes	0.326700026	63066	193039
21	0	yes	0.477864776	158467	331615
21	0	yes	0.46994641	90631	192853
21	0.0048	yes	1.084294653	193360	178327
21	0.0048	yes	0.274696075	48540	176705
21	0.0048	yes	0.216832231	40222	185498
21	0.0048	yes	0.209845021	49978	238167
21	0.0048	yes	1.055815564	202614	191903
21	0.024	yes	0.946407009	167559	177047
21	0.024	yes	0.905299197	185371	204762
21	0.024	yes	1.175574831	192120	163426
21	0.024	yes	1.152562616	190393	165191
21	0.024	yes	0.865106479	184569	213348
21	0.12	yes	1.036000434	172260	166274
21	0.12	yes	0.953464114	165894	173991
21	0.12	yes	1.118547182	184478	164927
21	0.12	yes	0.3925103	71372	181835
21	0.12	yes	1.075370884	194532	180897
21	0.6	yes	1.278706828	198114	154933
21	0.6	yes	1.28916646	201412	156234
21	0.6	yes	0.38940345	61531	158014
21	0.6	yes	0.671087874	106239	158308
21	0.6	yes	1.150038955	213334	185502
21	3	yes	0.01326035	1929	145435
21	3	yes	0.036800924	4046	109954
21	3	yes	0.032552813	3448	105929
21	3	yes	0.167678243	19314	115183
21	3	yes	0.050695822	5925	116868
21	15	yes	0.020784018	1510	72672
21	15	yes	0.004193865	824	196443
21	15	yes	0.003773976	247	65380
21	15	yes	0.000725832	54	74656
21	15	yes	0.120268813	8721	72509
28	0	yes	0.879833273	154183	175241
28	0	yes	0.945824436	147079	155504
28	0	yes	0.82224314	145196	176585
28	0	yes	0.692163369	129766	187479
28	0	yes	0.944043416	160305	169807
28	0	yes	0.843753955	137736	163241
28	0	yes	0.620712874	117438	189198
28	0	yes	0.737629559	120747	163696
28	0	yes	0.859779446	127367	148139
28	0	yes	0.740154713	120828	163247
28	0.0048	yes	1.010397381	180465	178608
28	0.0048	yes	0.979005405	157321	160695
28	0.0048	yes	0.809242962	138213	170793
28	0.0048	yes	0.790859001	138937	175678
28	0.0048	yes	0.835836671	148019	177091
28	0.024	yes	1.135052941	204836	180464
28	0.024	yes	1.089004542	189596	174100
28	0.024	yes	0.863616812	149120	172669
28	0.024	yes	0.771739659	146169	189402
28	0.024	yes	0.977547797	175189	179213
28	0.12	yes	1.184915354	201991	170469
28	0.12	yes	1.086546954	178705	164470
28	0.12	yes	0.8405351	147259	175197
28	0.12	yes	0.719932984	144629	200892
28	0.12	yes	0.717966629	145898	203210
28	0.6	yes	1.367084546	219164	160315
28	0.6	yes	1.194754368	179682	150393
28	0.6	yes	0.963149131	151665	157468
28	0.6	yes	0.877979258	151324	172355
28	0.6	yes	1.124961827	181402	161251
28	3	yes	1.811246091	196945	108735
28	3	yes	1.557759702	198276	127283
28	3	yes	1.505624107	167776	111433
28	3	yes	1.786778806	201977	113039
28	3	yes	2.087950849	208625	99919
28	15	yes	0.061226504	4558	74441
28	15	yes	0.053636482	4317	80488
28	15	yes	0.035768633	3897	108946
28	15	yes	0.063320951	5071	80080
28	15	yes	0.689451633	117930	171050
